七乐彩历史开奖数据
数据来源：中彩网、乐彩网
更新日期：2026-02-24 07:40:48
======================================================================

2026017 2026-02-18  07 08 10 11 18 20 21 + 09
2026016 2026-02-15  01 06 16 18 24 25 27 + 29
2026015 2026-02-12  02 06 07 09 10 17 19 + 20
2026014 2026-02-09  04 16 18 20 21 22 29 + 13
2026013 2026-02-06  01 02 17 18 20 23 25 + 24
2026012 2026-02-03  05 08 09 22 24 27 29 + 10
2026011 2026-01-31  01 04 18 19 21 24 27 + 02
2026010 2026-01-28  06 10 15 18 20 22 29 + 25
2026009 2026-01-25  06 15 18 19 23 25 29 + 12
2026008 2026-01-22  03 10 13 18 23 25 30 + 17
2026007 2026-01-19  04 05 07 16 17 21 28 + 20
2026006 2026-01-16  05 08 14 22 26 29 30 + 28
2026005 2026-01-13  03 05 07 09 11 22 23 + 29
2026004 2026-01-10  01 02 09 11 24 25 27 + 10
2026003 2026-01-07  07 11 18 25 26 27 28 + 23
2026002 2026-01-04  04 07 18 19 20 21 30 + 23
2026001 2026-01-01  02 04 10 12 23 24 30 + 15

======================================================================
共 17 期数据
