七乐彩历史开奖数据
数据来源：中彩网、乐彩网
更新日期：2026-02-09 10:57:52
======================================================================

2026017 2026-02-18  01 07 11 18 20 21 22 + 17
2026016 2026-02-15  04 05 11 13 17 25 26 + 29
2026015 2026-02-12  09 10 11 14 15 22 24 + 12
2026014 2026-02-09  08 13 14 16 17 18 19 + 10
2026013 2026-02-06  03 05 09 12 13 23 30 + 18
2026012 2026-02-03  02 03 05 13 18 23 26 + 15
2026011 2026-01-31  04 06 10 13 14 23 29 + 18
2026010 2026-01-28  09 18 20 21 23 27 29 + 22
2026009 2026-01-25  03 05 11 14 26 29 30 + 18
2026008 2026-01-22  03 15 18 23 24 26 29 + 17
2026007 2026-01-19  03 04 08 09 13 19 27 + 06
2026006 2026-01-16  04 07 09 12 13 28 29 + 18
2026005 2026-01-13  08 15 17 18 23 27 30 + 25
2026004 2026-01-10  01 06 10 14 18 26 28 + 25
2026003 2026-01-07  03 04 05 19 25 29 30 + 15
2026002 2026-01-04  01 09 11 13 17 28 30 + 25
2026001 2026-01-01  01 03 07 20 27 28 29 + 13

======================================================================
共 17 期数据
