七乐彩历史开奖数据
更新时间: 2026-02-09 13:10:32
总数据量: 30 条
============================================================

2026016 2026-02-06  02 06 10 14 18 19 23 + 11
2026015 2026-02-04  01 05 09 17 23 27 28 + 30
2026014 2026-02-02  01 09 10 13 21 28 30 + 04
2026013 2026-01-30  09 12 14 20 26 28 30 + 27
2026012 2026-01-28  16 18 22 23 24 25 29 + 07
2026011 2026-01-26  05 08 09 13 18 25 26 + 20
2026010 2026-01-23  01 14 15 18 21 28 29 + 24
2026009 2026-01-21  01 04 07 17 20 29 30 + 19
2026008 2026-01-19  01 03 12 14 24 29 30 + 19
2026007 2026-01-16  04 06 14 19 20 25 27 + 29
2026006 2026-01-14  05 06 14 21 22 25 29 + 28
2026005 2026-01-12  09 11 18 19 22 25 26 + 08
2026004 2026-01-09  07 14 17 21 23 24 25 + 19
2026003 2026-01-07  01 15 18 19 28 29 30 + 22
2026002 2026-01-05  05 07 08 14 17 23 27 + 29
2026001 2026-01-02  05 07 13 15 20 22 29 + 11
2025150 2025-12-31  03 09 16 17 20 26 28 + 23
2025149 2025-12-29  01 03 04 05 07 11 12 + 29
2025148 2025-12-26  04 05 07 13 14 23 30 + 12
2025147 2025-12-24  01 04 08 12 13 25 27 + 09
2025146 2025-12-22  04 14 18 22 24 28 30 + 26
2025145 2025-12-19  02 08 10 20 26 27 28 + 11
2025144 2025-12-17  01 03 09 19 24 27 28 + 21
2025143 2025-12-15  05 11 18 21 27 28 30 + 01
2025142 2025-12-12  07 09 20 21 24 27 29 + 25
2025141 2025-12-10  01 03 05 14 24 25 28 + 10
2025140 2025-12-08  01 06 07 09 13 20 27 + 30
2025139 2025-12-05  01 02 19 20 26 27 28 + 23
2025138 2025-12-03  07 09 10 12 22 23 24 + 04
2025137 2025-12-01  02 05 10 12 15 20 25 + 13
